0	0.061120573
9.68E-04	0.061370492
0.00871158	0.061722048
0.003871813	0.06208255
9.68E-04	0.062387027
0.001935907	0.06279696
0.00580772	0.062949196
0.009679534	0.06347836
0.022262927	0.063741185
0.01742316	0.06417766
0.016455207	0.064262725
0.027102692	0.06481976
0.025166787	0.065086246
0.04065404	0.065482244
0.037750177	0.065701805
0.039686084	0.06615221
0.042589948	0.0664099
0.038718134	0.066739894
0.043557897	0.066920005
0.048397668	0.067448
0.048397668	0.067728415
0.05517334	0.06802409
0.06098106	0.068416275
0.058077198	0.06873865
0.06775673	0.069081254
0.062916964	0.06928043
0.073564455	0.069760166
0.073564455	0.07001522
0.07840422	0.070425145
0.08130808	0.0705724
0.09001966	0.07114219
0.085179895	0.07140487
0.08808376	0.07176009
0.09001966	0.07193154
0.098731235	0.07248227
0.097763285	0.07275639
0.098731235	0.073106624
0.10647487	0.07337312
0.10260305	0.0738071
0.109378725	0.074055836
0.11131463	0.074371755
0.11712235	0.074798256
0.12196212	0.0750495
0.12002621	0.075408675
0.12196212	0.075637035
0.13164166	0.07609008
0.1345455	0.076356575
0.1326096	0.076744944
0.13744937	0.07691375
0.14422505	0.07749748
0.14712891	0.0777031
0.15390459	0.078049526
0.15874434	0.07833757
0.15487254	0.078770235
0.16455206	0.07906342
0.16164821	0.07945311
0.16164821	0.07963703
0.17035979	0.080130704
0.16164821	0.08037812
0.17132774	0.08071707
0.17423159	0.08102785
0.17810342	0.08142253
0.18294318	0.08168653
0.186815	0.08198352
0.18971884	0.08241119
0.1906868	0.08268018
0.19939838	0.08306605
0.1906868	0.0833236
0.2032702	0.083744965
0.19843043	0.08403169
0.20617406	0.08436418
0.21488564	0.08453813
0.22262926	0.0851421
0.21198177	0.08540228
0.2197254	0.085794464
0.2177895	0.0860457
0.22359721	0.08645431
0.22940494	0.08673356
0.23230879	0.087059595
0.2342447	0.08742508
0.23230879	0.087747455
0.23327674	0.088040635
0.2429563	0.08833118
0.24005242	0.08877411
0.2448922	0.08903928
0.25166786	0.089425154
0.25360376	0.08958121
0.25166786	0.09012695
0.25747558	0.09037686
0.2652192	0.090664916
0.26134738	0.09102923
0.26231533	0.09146072
0.27683467	0.09171958
0.2719949	0.09212687
0.2758667	0.09221061
0.2816744	0.09278803
0.27877057	0.09305203
0.2836103	0.09342133
0.28748214	0.09365996
0.28941804	0.09410919
0.29619372	0.09436674
0.29328984	0.09467386
0.29135394	0.095111646
0.2816744	0.09537432
0.29232192	0.09577032
0.29232192	0.09597976
0.29716167	0.09648986
0.3029694	0.09667128
0.30974507	0.0970711
0.30780917	0.09734389
0.32039255	0.09782994
0.31458485	0.09802662
0.31555277	0.09846324
0.31748867	0.098686606
0.32136053	0.09913965
0.32813615	0.09939969
0.32910413	0.099753745
0.33297592	0.100077435
0.33491182	0.100435294
0.3397516	0.10070809
0.34362343	0.101027966
0.34555936	0.10138583
0.35330296	0.10174237
0.35136706	0.102057114
0.35814273	0.10228811
0.3668543	0.10280716
0.36007863	0.1029924
0.3707261	0.10341875
0.37459794	0.103630684
0.3755659	0.10412304
0.37943769	0.10436416
0.38427746	0.10481984
0.3920211	0.10497839
0.39298904	0.1054835
0.39976472	0.10571186
0.40073267	0.106097735
0.40170062	0.10627535
0.40944424	0.106761396
0.41138017	0.10701014
0.4104122	0.10735788
0.41718787	0.107673794
0.42202765	0.108058356
0.4210597	0.10834142
0.42880332	0.108635776
0.42977127	0.10906594
0.42977127	0.1093427
0.43267512	0.109650984
0.43848285	0.10990486
0.44041875	0.11044166
0.44138673	0.11067515
0.4520342	0.111081265
0.4481624	0.11117381
0.45687398	0.111768976
0.46074578	0.112016544
0.46655348	0.112425156
0.46558556	0.112591326
0.46655348	0.11310656
0.46752146	0.113368064
0.47236124	0.113723285
0.47526506	0.11397335
0.47816893	0.11440983
0.47623304	0.11465476
0.47816893	0.11497214
0.4868805	0.11542138
0.4859126	0.11568273
0.49268827	0.1161041
0.4936562	0.11638452
0.4955921	0.11674107
0.5013998	0.11703293
0.5023678	0.117463246
0.5091435	0.11768911
0.5072075	0.11815609
0.5120473	0.11840352
0.51688707	0.118777804
0.51979095	0.11903036
0.52172685	0.119441606
0.52753454	0.119702965
0.53140634	0.12004059
0.5323743	0.12039728
0.5352782	0.1207525
0.5401179	0.12104436
0.5468936	0.12134004
0.5430218	0.12179558
0.55076545	0.122035526
0.5517334	0.122439146
0.5488295	0.12258112
0.55754113	0.12314725
0.55947703	0.123404786
0.56141293	0.123793155
0.55463725	0.124045715
0.5478616	0.12449363
0.5488295	0.12475
0.55850905	0.12511432
0.56141293	0.12533373
0.5691565	0.12580717
0.5681886	0.12605444
0.5701245	0.12641758
0.5730283	0.12666486
0.5749643	0.12711923
0.5788361	0.12739348
0.5865797	0.12766512
0.58754766	0.12813826
0.58851564	0.12835151
0.5952913	0.12873107
0.5952913	0.12895165
0.5991631	0.12947583
0.5981952	0.12967002
0.60787463	0.13014463
0.6069067	0.13022706
0.6117465	0.13082868
0.61949015	0.13101788
0.61949015	0.13146316
0.621426	0.13162184
0.62529784	0.13213195
0.62723374	0.1323933
0.63110554	0.13274735
0.6340094	0.13306473
0.6330415	0.1334443
0.63110554	0.13374497
0.63110554	0.13401893
0.6398172	0.1344466
0.64272106	0.13471824
0.6475608	0.13504705
0.6446569	0.13527292
0.65046465	0.13576894
0.6514326	0.13601387
0.6553044	0.1364175
0.6601442	0.136712
0.6669199	0.13714202
0.664016	0.13739985
0.6649839	0.13781081
0.66208005	0.1379657
0.6688557	0.13847579
0.6669199	0.13874125
0.6688557	0.13910528
0.6678878	0.13938189
0.6717596	0.13978434
0.6649839	0.14002399
0.6717596	0.14035545
0.6727275	0.14075379
0.6824071	0.14105445
0.683375	0.14137682
0.68531096	0.14165226
0.6862789	0.1420418
0.6911187	0.14235654
0.69692636	0.14279449
0.6988623	0.14299248
0.70370203	0.14349496
0.7114457	0.14371964
0.71241367	0.144118
0.7095098	0.14436674
0.71241367	0.14479704
0.71628547	0.14505841
0.7211252	0.14542654
0.72499704	0.14572075
0.7317727	0.1461232
0.73467654	0.14640978
0.7337086	0.14670163
0.7414522	0.14711289
0.7414522	0.14741004
0.745324	0.1477283
0.7443561	0.1479568
0.7550036	0.14844403
0.75693953	0.14870568
0.75984335	0.14912806
0.7637152	0.14940467
0.766619	0.14983118
0.7753306	0.1500368
0.7743627	0.15045948
0.7733947	0.15061554
0.78501016	0.15113327
0.78501016	0.15141487
0.7898499	0.15178564
0.79468966	0.15203173
0.7985615	0.15245941
0.80146533	0.15271579
0.80340123	0.15306984
0.8101769	0.15343414
0.8130808	0.15375006
0.81598467	0.15414079
0.79952943	0.15431209
0.7985615	0.15478288
0.8043692	0.15503544
0.8063051	0.155349
0.8121128	0.15568136
0.8130808	0.15614715
0.81985646	0.15642641
0.82179236	0.15683766
0.82663214	0.15698725
0.8314719	0.15747447
0.83437574	0.15774874
0.8392155	0.15811804
0.8372796	0.15836415
0.8392155	0.15880325
0.8469592	0.15904321
0.8479271	0.15939726
0.849863	0.15973723
0.86147845	0.16007984
0.86341435	0.16036408
0.8643823	0.16064332
0.8769657	0.16107364
0.8818055	0.16136052
0.8847093	0.16165355
0.89438885	0.16202284
0.90310043	0.16245434
0.9040684	0.16269428
0.91278	0.16311932
0.92149156	0.16338713
0.92439544	0.16378312
0.93020314	0.16408643
0.93988264	0.16445573
0.94375443	0.16468541
0.9495622	0.16504826
0.95536995	0.16536418
0.9611776	0.1657056
0.9660174	0.16604939
0.975697	0.16641752
0.975697	0.16672727
0.9834406	0.16702794
0.9921521	0.1674606
0.996024	0.1677463
1.0037676	0.168142
1.0037676	0.16825376
1.0105432	0.1687184
1.0192548	0.16903666
1.0250626	0.16944674
1.0289344	0.16972335
1.036678	0.17010292
1.0502293	0.17040241
1.0531332	0.17078814
1.0541012	0.17106093
1.0618448	0.17137949
1.0705564	0.17174733
1.076364	0.17207497
1.0831398	0.17244545
1.0879796	0.1727209
1.0908834	0.17300248
1.1005629	0.1733363
1.1044347	0.17372349
1.1092745	0.174057
1.1160502	0.1743603
1.1218579	0.17465481
1.1257297	0.1750165
1.1334733	0.17536174
1.143153	0.17581083
1.1450888	0.17594664
1.1508965	0.17645673
1.1576722	0.17675242
1.1634799	0.1771446
1.1634799	0.1773948
1.1750953	0.17778817
1.1847749	0.17807621
1.1838069	0.17840855
1.1876787	0.17873591
1.20123	0.17912428
1.1983262	0.17940353
1.2051018	0.1796954
1.2118776	0.18011545
1.2147814	0.18038061
1.2205892	0.18075138
1.2283328	0.1810227
1.2273648	0.18137676
1.2322046	0.18172348
1.2399483	0.18204819
1.2496277	0.18241867
1.2525316	0.18279941
1.2564033	0.18306985
1.266083	0.18348844
1.2699547	0.18370697
1.2709227	0.18407628
1.2709227	0.18442006
1.2854421	0.18477294
1.287378	0.18508005
1.2912496	0.18540975
1.304801	0.18569428
1.3125446	0.18602282
1.3125446	0.18636689
1.3260959	0.1867538
1.3289999	0.18708877
1.327064	0.18736157
1.3415834	0.18782093
1.3396473	0.18801776
1.348359	0.18843281
1.3570706	0.1885824
1.3628783	0.18914707
1.3648142	0.18941253
1.3861091	0.18979944
1.3764297	0.19006988
1.3812695	0.19046207
1.3986925	0.19075891
1.3967566	0.19111678
1.3977246	0.19130217
1.4141798	0.1917932
1.4170837	0.19207099
1.4228914	0.19239335
1.4325709	0.19268522
1.4354748	0.19310409
1.4364427	0.19329447
1.4461223	0.1936535
1.45193	0.19411168
1.4567698	0.1943616
1.4645134	0.19479455
1.4751608	0.19506207
1.4751608	0.1954607
1.4809686	0.19575755
1.493552	0.19617145
1.4954878	0.19632104
1.5051675	0.19682352
1.5061353	0.19710277
1.5158149	0.19747706
1.5206547	0.19776012
1.5293663	0.19814849
1.5390458	0.19838697
1.5419496	0.19875129
1.5419496	0.19900765
1.5535651	0.1994277
1.5584048	0.1996917
1.5661484	0.20001143
1.5700203	0.20031473
1.5767959	0.20072833
1.5816357	0.20102283
1.5835717	0.20126277
1.5922831	0.20179692
1.5990589	0.20204566
1.6077706	0.20242524
1.6106744	0.20272326
1.61745	0.20313333
1.6261616	0.20342256
1.6290655	0.2038083
1.6290655	0.20402652
1.6445527	0.20447855
1.6474565	0.20473492
1.6522963	0.20509395
1.6522963	0.20538464
1.6629438	0.20578797
1.6658477	0.20604962
1.6697196	0.20634265
1.6755271	0.20674364
1.6832709	0.20705457
1.6852068	0.20746054
1.6881106	0.20764856
1.701662	0.2081091
1.7035979	0.20838952
1.7084376	0.20882863
1.7132773	0.20896707
1.7190851	0.20947836
1.7239248	0.20977549
1.7355403	0.21012954
1.7384442	0.21038328
1.7461878	0.21079452
1.7519956	0.21104944
1.7539314	0.21140231
1.7597392	0.21173729
1.7655469	0.21211305
1.7732905	0.21239464
1.7781302	0.21270059
1.7868419	0.21304202
1.7868419	0.21341367
1.7955534	0.21372342
1.7984573	0.2140191
1.8091048	0.21448725
1.8091048	0.21471694
1.8187842	0.21510531
1.8226562	0.21540098
1.824592	0.21575503
1.8313676	0.2159542
1.8420151	0.21647456
1.8468549	0.21670425
1.8516947	0.21715362
1.8575025	0.21740237
1.8633102	0.2177793
1.8691179	0.21804945
1.8797653	0.21846834
1.886541	0.21871942
1.8952526	0.21904443
1.8923488	0.2194454
1.9039642	0.21972583
1.9088039	0.22003031
1.9175155	0.22031984
1.9252591	0.2207918
1.9281629	0.22101913
1.9349387	0.22139224
1.9359065	0.22158878
1.94849	0.22215725
1.950426	0.222406
1.9591376	0.22282605
1.9610734	0.222995
1.9726889	0.2234834
1.9668812	0.22374739
1.9843042	0.22412315
1.9852723	0.22443907
1.9968877	0.2247931
1.9968877	0.22504303
2.0026953	0.22539854
2.0075352	0.22569656
2.0143108	0.22609784
2.0230224	0.22637299
2.0268943	0.22664842
2.036574	0.22708754
2.0414135	0.22735153
2.0481892	0.22774607
2.052061	0.22801915
2.0588367	0.228387
2.0627086	0.22866888
2.073356	0.22910272
2.073356	0.22940485
2.0772278	0.22979704
2.0801315	0.23010033
2.0878754	0.23045936
2.0888433	0.23070547
2.095619	0.23114459
2.1033626	0.23138072
2.1082025	0.23171453
2.113042	0.23208383
2.1188498	0.2324188
2.1217537	0.23273091
2.1256254	0.23299989
2.136273	0.23342904
2.137241	0.23371327
2.1449845	0.23403946
2.1488564	0.23428293
2.157568	0.23483878
2.1614397	0.23498721
2.1691833	0.23541635
2.1730552	0.23567125
2.1807988	0.2361092
2.1846707	0.23637554
2.1904783	0.23673986
2.1875744	0.23689327
2.2030618	0.23746702
2.2030618	0.237741
2.2049978	0.23807743
2.2166133	0.23832883
2.221453	0.23878817
2.2233887	0.2389671
2.2282286	0.23933876
2.2388759	0.23976028
2.24178	0.24003689
2.2514594	0.24042906
2.2562993	0.24068779
2.2650106	0.24106853
2.2659786	0.2413425
2.2756584	0.24180214
2.2756584	0.24192007
2.2901776	0.24250115
2.28437	0.24267246
2.300825	0.24312565
2.2998571	0.24337175
2.3095365	0.24378563
2.3114727	0.24388449
2.32212	0.24441865
2.321152	0.24474864
2.3298635	0.24510533
2.3337355	0.24536815
2.3395433	0.24570313
2.3511584	0.24606217
2.3559985	0.24640742
2.3579342	0.24666613
2.3695498	0.2469709
2.3724535	0.24746576
2.378261	0.24768282
2.3918126	0.24806856
2.386005	0.2482994
2.401492	0.24881859
2.4121397	0.2490597
2.4150436	0.24948211
2.4179473	0.2496408
2.4334347	0.2501547
2.4305308	0.25035155
2.4421463	0.25076395
2.446986	0.25102794
2.4576335	0.2514392
2.4566655	0.25170174
2.4615054	0.252042
2.467313	0.25238198
2.4769926	0.2527284
2.4818323	0.2530889
2.4847362	0.25330216
2.48764	0.25379318
2.4992554	0.25402287
2.507967	0.2544303
2.506999	0.25456464
2.531198	0.25514984
2.527326	0.2553971
2.531198	0.255811
2.5389416	0.2560037
2.5447493	0.25647715
2.5534608	0.25674233
2.5612044	0.25710282
2.566044	0.25731725
2.573788	0.25779682
2.573788	0.25805965
2.5844355	0.2583832
2.592179	0.25873345
2.597987	0.2590863
2.5999227	0.25934386
2.61057	0.25965977
2.6086342	0.2600684
2.6192818	0.2603617
2.632833	0.26079702
2.631865	0.261066
2.6386406	0.2614124
2.6454165	0.26164475
2.6444485	0.26216128
2.656064	0.2624112
2.6599357	0.26280457
2.6676795	0.26309526
2.6705832	0.26345694
2.6676795	0.2637095
2.6841347	0.26413187
2.6870384	0.26439852
2.692846	0.26473996
2.699622	0.26512304
2.7054296	0.2654111
2.7034936	0.2656968
2.7180128	0.26600626
2.7238207	0.26638582
2.7209167	0.26671582
2.7305963	0.2670115
2.734468	0.2673415
2.7431798	0.26779938
2.7480195	0.26808128
2.7538273	0.26850516
2.7528594	0.26872456
2.7693145	0.26914078
2.7722182	0.26943266
2.778026	0.2698046
2.7877054	0.27010906
2.7935133	0.2704734
2.7954493	0.27072096
2.800289	0.2710838
2.8099685	0.27138594
2.815776	0.27178162
2.8186803	0.27206352
2.822552	0.27233368
2.8322315	0.2727869
2.8399749	0.2730189
2.8457828	0.2734099
2.8457828	0.27361172
2.8535264	0.27412564
2.8612702	0.27435794
2.8699815	0.27478182
2.8709495	0.2749493
2.8835328	0.2754949
2.8932126	0.27570316
2.89902	0.27613318
2.902892	0.2763831
2.9145076	0.27681458
2.923219	0.27708504
2.9290268	0.2774036
2.9328985	0.27768022
2.947418	0.27809763
2.9503217	0.2783757
2.9590333	0.27868897
2.9696808	0.2790838
2.9745204	0.2794009
2.9822643	0.27972707
2.9851682	0.27995175
3.003559	0.2804874
3.003559	0.28065106
3.0190463	0.28109515
3.0180783	0.2812298
3.0306618	0.2818009
3.0364695	0.2820608
3.0403414	0.2824037
3.051957	0.28271052
3.0597005	0.28313968
3.0606682	0.28342772
3.06938	0.28375772
3.0722837	0.28406218
3.0819633	0.28445438
3.089707	0.28469783
3.087771	0.28501785
3.0974507	0.28543144
3.1032581	0.28572595
3.109066	0.2860926
3.11197	0.28636307
3.1235855	0.28674614
3.1274571	0.28704184
3.1381047	0.2874695
3.1448803	0.28767014
3.1516562	0.28814477
3.1574636	0.28841493
3.1671433	0.28882498
3.1671433	0.2890177
3.1797266	0.28944686
3.1874704	0.28973225
3.193278	0.29009774
3.1961818	0.29040104
3.2039256	0.29080203
3.2068293	0.29108626
3.213605	0.29137313
3.2223165	0.29178673
3.2271562	0.2920698
3.2387717	0.29238072
3.2445796	0.29262567
3.2542589	0.2931117
3.2629707	0.29335928
3.2745862	0.29376262
3.2745862	0.2940533
3.2910414	0.29446954
3.2968488	0.2947271
3.3036246	0.29516003
3.3074963	0.29537064
3.317176	0.29580596
3.3162081	0.29609516
3.3287916	0.2964542
3.334599	0.29668534
3.3471825	0.2971359
3.3510542	0.2973958
3.3626697	0.2977132
3.3704135	0.298113
3.3762212	0.2984075
3.3878367	0.29870433
3.399452	0.2990012
3.4100995	0.2994189
3.420747	0.2997043
3.4294586	0.30009913
3.4323623	0.30025253
3.4526894	0.3008313
3.4565613	0.30101255
3.4749522	0.3014291
3.481728	0.30170307
3.5001192	0.30215213
3.505927	0.30241114
3.5204463	0.30280215
3.524318	0.3029758
3.5436769	0.30347475
3.544645	0.30371588
3.5601325	0.3040723
3.5678759	0.3044099
3.5756197	0.30477804
3.588203	0.30503556
3.5998185	0.30533507
3.606594	0.3057601
3.6201453	0.30603054
3.6307929	0.30642274
3.6356325	0.30671695
3.64628	0.30710414
3.6588635	0.30735025
3.6675754	0.3077348
3.672415	0.30805716
3.689838	0.30848718
3.6985497	0.30877173
3.711133	0.30914718
3.712101	0.30937567
3.73146	0.30979955
3.7392037	0.31005445
3.7459793	0.31039354
3.753723	0.3107373
3.770178	0.31110927
3.770178	0.31143397
3.7817936	0.31167626
3.796313	0.31210658
3.8030884	0.3123958
3.8185759	0.3127208
3.8214798	0.31294286
3.835031	0.31348464
3.8447104	0.31366357
3.85923	0.31410035
3.8640697	0.31430715
3.879557	0.31479937
3.8921404	0.3150698
3.9047236	0.3154784
3.9056916	0.31558636
3.9279547	0.31614983
3.9318264	0.31639478
3.93957	0.31677404
3.9540892	0.317014
3.9705446	0.31744432
3.9695766	0.3176916
3.9821599	0.31801277
3.995711	0.31842256
3.9986153	0.31872323
4.0131345	0.31910396
4.0189424	0.3193935
4.0315256	0.3198376
4.0353975	0.3200039
4.0528207	0.3204316
4.0537887	0.32055977
4.06734	0.3211382
4.078955	0.32140103
4.088635	0.32180318
4.0983143	0.3220496
4.110898	0.32245672
4.1205773	0.3227436
4.1302567	0.32311174
4.146712	0.32344672
4.1621995	0.32378817
4.168007	0.32404453
4.1796227	0.32438186
4.193174	0.3247321
4.203821	0.325075
4.212533	0.3253299
4.2251163	0.32563084
4.2415714	0.32609138
4.2483473	0.3263504
4.2628665	0.3267804
4.2715783	0.3270585
4.283193	0.32747093
4.290937	0.3277044
4.298681	0.32813707
4.296745	0.32816494
4.3248153	0.32880586
4.319008	0.3290596
4.335463	0.3294468
4.335463	0.32966736
4.3470783	0.33007482
4.35579	0.33035025
4.3635335	0.33069286
4.3674054	0.3310557
4.3828926	0.33141503
4.3896685	0.33174503
4.392572	0.33200374
4.4080596	0.33243024
4.4148355	0.33269423
4.421611	0.33312806
4.4293547	0.3332372
4.443874	0.33379453
4.4516172	0.33406088
4.4651685	0.33448356
4.460329	0.33455074
4.4825916	0.33514208
4.4893675	0.33541635
4.5058227	0.33578184
4.5077586	0.33604437
4.525182	0.33647203
4.5271177	0.33675012
4.536797	0.33706105
4.543573	0.33735672
4.5542207	0.33777297
4.565836	0.33805338
4.570676	0.3383121
4.583259	0.33877292
4.5900345	0.33903426
4.60165	0.33943027
4.6055217	0.33972332
4.617137	0.34012955
4.6229453	0.34041497
4.638432	0.34084147
4.6374645	0.3409239
4.6577916	0.3414783
4.659727	0.34174994
4.672311	0.34213945
4.6713424	0.34236416
4.68683	0.34280062
4.6945734	0.34306344
4.704253	0.3434175
4.708125	0.34372726
4.7245803	0.34411034
4.725548	0.34440985
4.7352276	0.3446841
4.746843	0.34508127
4.7526507	0.34538957
4.7574906	0.34572718
4.7710423	0.34606716
4.774914	0.34648338
4.779753	0.34672216
4.786529	0.34710407
4.789433	0.34740356
4.795241	0.3477893
4.7962084	0.3480926
4.7981443	0.3484745
4.802984	0.3487831
4.8107276	0.3491562
4.8039527	0.34938705
4.8223433	0.34977278
4.816536	0.35003942
4.832991	0.3504504
4.830087	0.35069796
4.839767	0.3510215
4.8494463	0.35140342
4.854286	0.35172197
4.856222	0.35206458
4.862997	0.35236934
4.869773	0.35281226
4.873645	0.3530217
4.886228	0.35347843
4.879452	0.3536028
4.895908	0.35414076
4.896876	0.35442382
4.9036517	0.35476527
4.907523	0.3550445
4.9191384	0.35543904
4.9191384	0.3557259
4.918171	0.35607353
4.9278502	0.3563959
4.928818	0.3567816
4.9210744	0.35707113
4.9172025	0.35736182
4.912363	0.35777542
4.907523	0.35806993
4.915267	0.35844657
4.907523	0.35860905
4.9259143	0.35911682
4.928818	0.35936174
4.931722	0.3597425
4.93269	0.36004433
4.9472094	0.36044678
4.9520493	0.36074626
4.9617286	0.3611572
4.9607606	0.36133996
4.9772162	0.36180723
4.97528	0.36209762
4.9936714	0.36244935
4.992703	0.36269808
5.0081906	0.36312047
5.0052867	0.36330968
5.019806	0.36369804
5.024646	0.36408874
5.0333576	0.36440116
5.040133	0.36469683
5.045941	0.36499104
5.057556	0.3653935
5.0720754	0.3657006
5.0691714	0.36612448
5.0749793	0.36624238
5.0972424	0.36682993
5.0924025	0.3670291
5.1059537	0.3673808
5.1117616	0.36754185
5.125313	0.36812058
5.1311207	0.368335
5.146608	0.3687577
5.147576	0.36880696
5.172743	0.36942384
5.1669345	0.3696764
5.1814537	0.37006974
5.1882296	0.37032494
5.1979094	0.37073973
5.2017813	0.3709999
5.2143645	0.3713211
5.2317877	0.37170947
5.242435	0.3720216
5.247275	0.37235656
5.2501783	0.37262934
5.2559867	0.37308636
5.265666	0.37331486
5.280185	0.3737537
5.272442	0.37389332
5.295673	0.37446207
5.2966404	0.37473106
5.3034163	0.37511942
5.2995443	0.3753491
5.3169675	0.3757856
5.3189034	0.37605837
5.3266473	0.37638956
5.3266473	0.3766257
5.3382626	0.3770915
5.3498783	0.3773857
5.3547177	0.37766758
5.3576217	0.37799495
5.372141	0.3783921
5.3789167	0.37875116
5.3779488	0.37902424
5.387628	0.3793554
5.394404	0.37970036
5.397308	0.38000512
5.4040837	0.38038206
5.415699	0.38077426
5.413763	0.3810051
5.427314	0.38144803
5.431186	0.38170293
5.4408655	0.38205844
5.4534492	0.38239607
5.4592566	0.3827208
5.4640965	0.38304052
5.47668	0.38337815
5.481519	0.38366383
5.4853916	0.38399735
5.493135	0.38434377
5.5057187	0.3847169
5.515398	0.38505217
5.5192695	0.38532233
5.531853	0.38578668
5.5357246	0.38599876
5.5463724	0.38642907
5.5483084	0.38655198
5.5637956	0.38712424
5.5667	0.38740233
5.581219	0.3877869
5.5860586	0.38803944
5.596706	0.38845685
5.603482	0.38872847
5.613161	0.3890699
5.618969	0.38940224
5.633488	0.38978034
5.634456	0.39005697
5.6480074	0.39037699
5.662527	0.39079174
5.666399	0.3910672
5.67511	0.39138693
5.6818857	0.39161924
5.6935015	0.392127
5.6993093	0.39234903
5.7138286	0.3928046
5.7157645	0.39299497
5.7322197	0.39346078
5.736091	0.39368516
5.748675	0.3940964
5.756418	0.3943959
5.7738414	0.39482093
5.7757773	0.395104
5.786425	0.39543897
5.7883606	0.39573848
5.7951365	0.3961028
5.804816	0.3963389
5.814496	0.39668006
5.8164315	0.39706463
5.8290153	0.39739463
5.8367586	0.39770055
5.844502	0.39798862
5.849342	0.39840484
5.8599896	0.39869407
5.867733	0.39913845
5.870637	0.39925373
5.8929	0.39980844
5.8967714	0.40006334
5.909355	0.4004948
5.9132266	0.40072215
5.9229064	0.40110904
5.9267783	0.40123224
5.9432335	0.40177783
5.937426	0.40187436
5.962592	0.40246454
5.965496	0.40270036
5.9771113	0.40304944
5.9848557	0.40341374
6.0003424	0.40375137
6.0032463	0.4040127
6.01099	0.40433246
6.0274453	0.40476277
6.033253	0.4050241
6.0439005	0.4054251
6.0419645	0.405609
6.0613236	0.40615872
6.0622916	0.40631098
6.0719714	0.4067539
6.0768113	0.4068592
6.092298	0.40744674
6.09617	0.4077043
6.108753	0.4080991
6.111657	0.40835547
6.1252084	0.4087755
6.132952	0.40905067
6.1416636	0.40938565
6.1513433	0.40973237
6.1639266	0.41010284
6.158119	0.41037446
6.1668305	0.4106587
6.1881256	0.41108754
6.1823177	0.41137677
6.196837	0.4117628
6.202645	0.4119212
6.215228	0.41248995
6.22394	0.41270438
6.234587	0.41308248
6.2307158	0.41323093
6.259754	0.41378033
4.6394005	0.4140393
4.6771507	0.41445673
4.6732783	0.41469932
4.674247	0.4151091
4.6771507	0.41540742
4.68199	0.41573742
4.684894	0.4160724
4.695542	0.4164417
4.6994133	0.4166966
4.7071567	0.41700754
4.7139325	0.41743287
4.7216763	0.41771182
4.723612	0.41812423
4.7303877	0.41827795
4.7371635	0.418825
4.7371635	0.4189925
4.7497473	0.41936797
4.7603946	0.41970295
4.77201	0.42013443
4.773946	0.4204263
4.788465	0.4208085
4.7942724	0.42104435
4.8039527	0.42145675
4.812664	0.42154065
4.828151	0.42208743
4.834927	0.42242885
4.8446064	0.4227844
4.8523498	0.42310295
4.8620296	0.42335138
4.8688054	0.42377526
4.8833246	0.42406857
4.8901	0.42443904
4.897844	0.42460918
4.911395	0.4251486
4.916235	0.42534134
4.923011	0.4256992
4.9278502	0.42599985
4.9452734	0.4264519
4.9520493	0.42672205
4.9588246	0.4271066
4.9636645	0.4274011
4.9801197	0.42780972
4.9888315	0.42810157
4.9936714	0.42843273
5.001415	0.42873603
5.015934	0.42911795
5.019806	0.42937434
5.024646	0.42971313
5.0352936	0.43011558
5.0488443	0.43038574
5.05562	0.4307653
5.057556	0.43096563
5.0701394	0.43146196
5.0740113	0.43168518
5.0846586	0.43210903
5.0924025	0.43241236
5.1030498	0.43282858
5.1098256	0.4330659
5.124345	0.43347448
5.125313	0.43363082
5.1485434	0.43414974
5.147576	0.43440112
5.168871	0.4347842
5.1698384	0.4349872
5.1901655	0.4354568
5.195974	0.43570673
5.2085567	0.43605697
5.2163005	0.43636292
5.2317877	0.43673104
5.2346916	0.4369783
5.240499	0.43730715
5.2559867	0.43766883
5.2666345	0.43802404
5.2734094	0.4383552
5.283089	0.43864354
5.2985764	0.43910524
5.3014803	0.43928683
5.314064	0.439679
5.3247113	0.43999493
5.3363266	0.44026655
5.3479424	0.4406435
5.3624616	0.4409949
5.3682694	0.44130465
5.387628	0.44171208
5.3963394	0.4419925
5.4040837	0.44237942
5.4147305	0.44267273
5.4292502	0.443057
5.430218	0.44334123
5.4428015	0.44367006
5.4534492	0.44402412
5.4611926	0.44435146
5.475712	0.44467264
5.4786158	0.44491112
5.493135	0.44538954
5.497975	0.44563714
5.51443	0.4460786
5.5192695	0.44635284
5.5289497	0.44676262
5.5289497	0.44699496
5.5473404	0.44743288
5.5473404	0.44768018
5.5531483	0.4480037
5.5667	0.4483173
5.575411	0.44872707
5.5792828	0.4490204
5.5908985	0.44935274
5.596706	0.44965222
5.6054177	0.44997957
5.618001	0.45037177
5.625745	0.45069414
5.631552	0.45103174
5.6373606	0.45132744
5.65188	0.45176655
5.6605906	0.45202672
5.6712384	0.4524201
5.680918	0.45270932
5.6905975	0.4530927
5.6944695	0.4533781
5.7089887	0.45372716
5.714796	0.45401904
5.72738	0.45442265
5.7370596	0.45471188
5.751579	0.45506212
5.7583547	0.45538566
5.7738414	0.45576903
5.7796493	0.4560559
5.7883606	0.45634395
5.79804	0.45673233
5.805784	0.45705587
5.8164315	0.4574073
5.823207	0.45759913
5.839662	0.45812947
5.8454704	0.45837703
5.860957	0.45879707
5.865797	0.4590775
5.885156	0.45945442
5.8938675	0.45972577
5.9054832	0.46014348
5.9083867	0.46038076
5.9335537	0.46081987
5.944201	0.4611091
5.950977	0.4614124
5.9567847	0.4617298
5.972272	0.46211815
5.97808	0.4623757
5.985823	0.46269542
6.001311	0.46311665
6.009054	0.4633745
6.01583	0.4636511
6.0264773	0.4639987
6.039061	0.46441376
6.0429325	0.46467394
6.0535803	0.46502918
6.0593877	0.46532983
6.0719714	0.46575633
6.083586	0.46602413
6.099074	0.46646327
6.102946	0.466712
6.118433	0.467113
6.116497	0.46740368
6.132952	0.46776387
6.1397276	0.46802026
6.1416636	0.46839982
6.1532793	0.46873596
6.1610227	0.46903166
6.1648946	0.46933758
6.1726384	0.46970046
6.180382	0.47004452
6.1842537	0.47028035
6.1997414	0.4707324
6.204581	0.47103187
6.22394	0.471439
6.226844	0.47157365
6.233619	0.47209138
6.2442665	0.47235802
6.2549143	0.47280973
6.26169	0.47305965
6.2791133	0.4734618
6.2800813	0.4737651
6.282985	0.4740966
6.2936325	0.47441867
6.300408	0.4747158
6.3100877	0.4750317
6.318799	0.4753617
6.326543	0.47573864
6.3371906	0.4760839
6.3391266	0.4764086
6.347838	0.47666615
6.364293	0.4771422
6.368165	0.477359
6.3817163	0.4777981
6.38462	0.47800756
6.3991394	0.47840354
6.406883	0.47875378
6.4117227	0.47913834
6.4194665	0.47937182
6.437857	0.47976637
6.441729	0.4800723
6.450441	0.48043895
6.455281	0.48073846
6.4756074	0.4810837
6.484319	0.48141253
6.491095	0.48174104
6.499807	0.48209012
6.5056143	0.48241866
6.5201335	0.48273602
6.524973	0.48296952
6.5356207	0.48339456
6.546268	0.48371458
6.548204	0.4840305
6.5617557	0.48442122
6.5791783	0.48482248
6.584018	0.48503545
6.598538	0.48547983
6.6053133	0.48574355
6.6082177	0.48606738
6.6217685	0.48642525
6.6304803	0.48675877
6.6401596	0.48704827
6.6508074	0.48745042
6.6604867	0.48772967
6.675006	0.48805586
6.6885576	0.48842517
6.700173	0.4887666
6.704045	0.48909894
6.713724	0.4893477
6.124241	0.489778
6.0719714	0.49006107
6.0613236	0.4904075
6.0584197	0.49061164
5.887092	0.49117514
5.870637	0.49134907
5.8754764	0.49170694
5.872573	0.49201903
5.887092	0.4924517
5.884188	0.49260542
5.895804	0.49313956
5.9016113	0.4933414
5.9112906	0.4938057
5.916131	0.49408495
5.9248424	0.49442524
5.929682	0.49468777
5.9403296	0.49510166
5.9451694	0.49534512
5.952913	0.49567392
5.9645286	0.49609134
5.9684005	0.496387
5.9771113	0.49678564
5.9809837	0.49696076
6.0022783	0.49747702
6.007118	0.49768147
6.022606	0.49814084
6.013894	0.49822092
6.035189	0.49882108
6.037125	0.4990927
6.0487404	0.49943033
6.0516443	0.4997119
6.0632596	0.50010526
6.0632596	0.50022465
5.7883606	0.50076526
5.768034	0.50110525
5.766098	0.5014517
5.76513	0.50169426
5.7709374	0.5020673
5.7719054	0.5023806
5.7835207	0.50273085
5.785457	0.5029963
5.7883606	0.503292
5.8028803	0.5037437
5.8086877	0.5040051
5.8183675	0.50441754
5.825143	0.5047132
5.8319187	0.5050596
5.8290153	0.5053007
5.848374	0.50580084
5.847406	0.5059912
5.860957	0.50646585
5.863861	0.5067577
5.8735404	0.5071117
5.876445	0.50735784
5.890964	0.5077741
5.8929	0.50802666
5.9016113	0.50836545
5.912259	0.5087233
5.9229064	0.50908643
5.927746	0.50943786
5.9335537	0.50970685
5.946137	0.51013833
5.950977	0.5103554
5.960656	0.5108033
5.9577527	0.51091886
5.971304	0.51147854
5.9771113	0.5117349
5.992599	0.5121714
5.995503	0.51231337
6.0129256	0.5127856
6.01583	0.5130684
6.0274453	0.5134468
6.0313168	0.513712
6.0477724	0.5141423
6.0516443	0.5144265
6.0613236	0.51472217
6.0680995	0.5150991
6.0806828	0.5154188
6.0874586	0.5156764
6.097138	0.51598614
6.1048813	0.51637685
6.113593	0.5167042
6.1271443	0.51706856
6.13392	0.5173871
6.1426315	0.51781714
6.1494074	0.518038
6.1677985	0.5184897
6.1648946	0.51859766
6.1881256	0.5191459
6.1900616	0.5194073
6.1997414	0.51978683
6.2065163	0.52003676
6.2229714	0.520443
6.226844	0.5207208
6.238459	0.52105194
6.245235	0.5214037
6.2549143	0.5217741
6.2607217	0.52210647
6.2645936	0.52234524
6.2733054	0.5227753
6.2762094	0.5230457
6.2887926	0.5234353
6.2916965	0.5236028
6.30428	0.52412814
6.3071837	0.5244047
6.3139596	0.5247057
6.316863	0.52502275
6.330415	0.5254595
6.3342867	0.52575636
6.342998	0.5261371
6.343966	0.526363
6.3565493	0.5267945
6.360421	0.5270814
6.370101	0.52742016
6.3691325	0.5277411
6.374941	0.5280291
6.3797803	0.5283565
6.38462	0.5286624
6.3904276	0.5290596
6.3962355	0.52939075
6.400107	0.5296929
6.4030113	0.52999616
6.4088187	0.530457
6.407851	0.53070694
6.407851	0.5311575
6.4059153	0.53126895
6.4184985	0.53179574
6.421402	0.53209144
6.421402	0.53238064
6.42721	0.5327107
6.4320498	0.53306586
6.4349537	0.5333909
6.4436655	0.5337461
6.450441	0.5340013
6.4581847	0.5343947
6.463024	0.5347335
6.47464	0.53501767
6.487223	0.53545797
6.489159	0.53569293
6.491095	0.5360291
6.466896	0.53633505
6.3391266	0.5366788
6.325575	0.5370179
6.321703	0.5374632
6.318799	0.53771573
6.3129916	0.53806597
6.3158956	0.53840977
6.323639	0.53881866
6.314927	0.5390228
6.327511	0.5394608
6.330415	0.53974235
6.34203	0.54010284
6.343966	0.5404123
6.35171	0.54071945
6.3555818	0.54104066
6.360421	0.5413859
6.1077857	0.5417323
6.088426	0.54207873
6.073907	0.54239464
6.071003	0.5426815
6.079715	0.5431268
6.078747	0.5433679
6.078747	0.54368913
6.0826187	0.54401267
6.0167975	0.54449755
6.0080867	0.5447222
6.01583	0.54512054
6.018734	0.545391
6.0303493	0.5457996
6.0313168	0.5460862
6.0380926	0.54644173
6.0468044	0.54673856
6.0622916	0.5471407
6.0593877	0.5473795
6.069067	0.5477538
6.0748754	0.54806733
6.088426	0.5484252
6.092298	0.548693
6.101978	0.5489899
6.115529	0.5494252
6.120369	0.54968274
6.1310167	0.5500646
6.140696	0.55036414
6.1552153	0.55079824
6.157151	0.5510291
6.1736064	0.5514785
6.1736064	0.5517284
6.185222	0.5520813
6.1881256	0.5523045
6.204581	0.5527894
6.203613	0.5530317
6.220068	0.5534403
6.221036	0.55370694
6.235555	0.55404454
6.2500744	0.5543986
6.2568502	0.5547652
6.2626576	0.55503803
6.26653	0.55533636
6.2810493	0.55575377
6.2858887	0.55604064
6.2975044	0.55645424
6.2965364	0.5565927
6.3158956	0.5571219
6.3226714	0.5573958
6.3342867	0.5577868
6.3371906	0.55806226
6.348806	0.5584366
6.3546133	0.5587563
6.368165	0.5591294
6.367197	0.5593896
6.3797803	0.55979556
6.38462	0.5600546
6.38946	0.56040484
6.38946	0.56069285
6.3981714	0.5611003
6.3991394	0.56135786
6.4117227	0.56167144
6.4175305	0.5620533
6.4223704	0.5623833
6.430114	0.5626866
6.4359217	0.5630712
6.444633	0.5634798
6.449473	0.56364584
6.451409	0.564038
6.4572167	0.56437445
6.472704	0.5647499
6.471736	0.56501275
6.4959345	0.5654847
6.493031	0.56566894
6.5036783	0.56612563
6.509486	0.5664049
6.5211015	0.56676394
6.5269094	0.5670722
6.5385246	0.56743914
6.5365887	0.56769407
6.55014	0.5680164
6.5559483	0.5683808
6.567563	0.5687283
6.573371	0.56904835
6.5685315	0.5692754
6.589826	0.56976265
6.2142606	0.5700445
5.85031	0.5704047
5.8580537	0.57071567
5.868701	0.57110137
5.8735404	0.57141876
5.8929	0.5718212
5.886124	0.5720166
5.9045153	0.5724824
5.9045153	0.5727716
5.910323	0.5731016
5.9200025	0.573382
5.9258103	0.573788
5.93065	0.5740318
5.9364576	0.5743527
5.9471054	0.5747589
5.9538813	0.57506484
5.960656	0.57540745
5.9616246	0.575694
5.972272	0.5760534
5.9809837	0.57636166
5.985823	0.57678056
5.983887	0.5770026
6.001311	0.57748216
6.0022783	0.5777664
6.01099	0.57816243
6.011958	0.5783833
6.0245414	0.5787843
6.022606	0.5790483
6.0303493	0.5794416
6.035189	0.5796854
6.0439005	0.5801207
6.0468044	0.5803973
5.662527	0.5807182
5.6547832	0.5810482
5.6538153	0.58142513
5.6538153	0.5817056
5.6586547	0.58197075
5.6586547	0.58244795
5.668335	0.5827131
5.6731744	0.5830572
5.6760783	0.5833529
5.6915655	0.58379436
5.6973734	0.58405834
5.700277	0.58450395
5.700277	0.5846371
5.7225404	0.585151
5.7186685	0.58542264
5.728348	0.5857981
5.7322197	0.58604187
5.745771	0.58645046
5.7506104	0.58671325
5.761258	0.5870456
5.762226	0.5874137
5.7690015	0.587759
5.7738414	0.5880749
5.785457	0.5883592
5.7941685	0.5887513
5.7999763	0.5890508
5.805784	0.589448
5.8086877	0.58959377
5.821271	0.59018016
5.821271	0.59034
5.8309507	0.590731
5.837726	0.5910164
5.853214	0.5914315
5.853214	0.591694
5.868701	0.5921141
5.874509	0.5923719
5.872573	0.59273094
5.886124	0.592943
5.895804	0.5934047
5.8967714	0.5937145
5.9112906	0.5940559
5.9132266	0.59434897
5.910323	0.59468275
5.9287143	0.5950559
5.9412975	0.5953768
5.9412975	0.5957399
5.9500093	0.5960303
5.9635606	0.5964785
5.9596887	0.5967094
5.981951	0.5971573
5.967432	0.5972626
5.992599	0.5978199
6.0022783	0.59807366
6.011958	0.59846586
6.013894	0.5987196
6.0197015	0.5991308
6.0264773	0.59938335
6.033253	0.5997298
6.032285	0.6000572
6.0361567	0.60043406
6.0487404	0.6006916
6.0564837	0.6010559
6.0622916	0.60143787
6.0651956	0.60167134
6.069067	0.60198843
6.090362	0.6022956
6.094234	0.6027106
6.094234	0.6030318
6.103914	0.6033844
6.115529	0.6037044
6.112625	0.604052
6.1281123	0.60437554
6.1465034	0.6048123
6.1397276	0.60503817
6.1629586	0.6054899
6.161991	0.605736
6.1668305	0.6061003
6.175542	0.60634
6.1910295	0.6067589
6.1890936	0.60701406
6.202645	0.6073476
6.1978054	0.60772717
6.221036	0.6080648
6.226844	0.60840094
6.226844	0.6086802
6.236523	0.609043
6.245235	0.6093654
6.2626576	0.60980713
6.2500744	0.6099239
6.2742734	0.61047596
6.2820168	0.61076134
6.2897606	0.61112684
6.2916965	0.6113882
6.308152	0.61180824
6.3033123	0.61208135
6.3226714	0.6124301
6.323639	0.61271816
6.3352547	0.61312824
6.3410625	0.6134086
6.349774	0.6137146
6.3555818	0.6140698
6.364293	0.6144265
6.361389	0.6147512
6.343966	0.6149657
6.359453	0.61545813
6.3623576	0.6156714
6.3807483	0.61609906
6.3807483	0.6163883
6.38946	0.6167626
6.3972034	0.6169735
6.407851	0.6174962
6.4088187	0.61750644
6.4223704	0.61814094
6.42721	0.6183935
6.441729	0.6187869
6.448505	0.6190177
6.4572167	0.619453
6.46496	0.619717
6.476576	0.620052
6.480448	0.62043774
6.486255	0.6207387
6.4959345	0.62104696
6.5036783	0.6213312
6.5085177	0.621736
6.5201335	0.62204194
6.5346527	0.6223922
6.5307813	0.6226726
6.5423965	0.62313193
6.546268	0.62342
6.5559483	0.623811
6.5578837	0.62406737
6.569499	0.62447333
6.572403	0.6247324
6.5869226	0.6250979
6.584018	0.6253921
6.595634	0.625806
6.6024094	0.62609255
6.6062813	0.6263973
6.614025	0.6267384
6.622737	0.62711686
6.6217685	0.627387
6.6333838	0.62765366
6.6488714	0.6281015
6.6469355	0.6283694
6.6556473	0.62876654
6.6624227	0.6290496
6.6701665	0.6294453
6.6769423	0.62971836
6.6837177	0.6300915
6.687589	0.6304098
6.6953335	0.63083744
6.696301	0.6310533
6.7079167	0.6314543
6.7069483	0.6316752
6.7205	0.6320838
6.717596	0.63237685
6.7321153	0.63273853
6.724372	0.6329937
6.7398586	0.63342255
6.740827	0.6336625
6.7524424	0.6340101
6.7505064	0.63442135
6.764058	0.6347182
6.764058	0.63506347
6.764058	0.63531333
6.7737374	0.63571054
6.7834167	0.63602906
6.787289	0.6363831
6.794064	0.63668525
6.80084	0.63710034
6.8085833	0.63739073
6.819231	0.6378161
6.819231	0.6380419
6.83859	0.63849103
6.8337502	0.63870955
6.8482695	0.63909644
6.8482695	0.63931847
6.8550453	0.6397424
6.8502054	0.63999754
6.868597	0.64034396
6.8676286	0.6407133
6.8744044	0.6410597
6.872469	0.64134127
6.8802123	0.64163846
6.8918276	0.6420635
6.8937635	0.64234275
6.9015074	0.6427742
6.905379	0.643042
6.910219	0.64343536
6.9121547	0.64372194
6.922802	0.64404815
6.922802	0.64435905
6.9334493	0.64477295
6.938289	0.64504695
6.940225	0.64543146
6.942161	0.64568406
6.9547443	0.6461003
6.950873	0.6463998
6.960552	0.64670306
6.968296	0.6471067
6.974104	0.64741
6.9760394	0.6477095
6.9828153	0.64803565
6.9876547	0.64840233
6.9876547	0.6487068
6.9944305	0.649099
6.9992704	0.64940494
7.009918	0.649825
7.0128217	0.650047
7.0225015	0.65047854
7.0205655	0.65072083
7.030245	0.65113205
7.030245	0.6514075
7.0350847	0.65174484
7.0379887	0.65201265
7.043796	0.6524327
7.043796	0.6526917
7.054444	0.65303695
7.0563793	0.6533617
7.0641236	0.6537565
7.063155	0.65405333
7.069931	0.6543414
7.075739	0.65478545
7.078643	0.65502924
7.0796103	0.65532494
7.082515	0.65563965
7.1009054	0.6561307
7.0960655	0.6563935
7.0989695	0.6568174
7.109617	0.65705585
7.1125207	0.6574633
7.1076813	0.6577258
7.125104	0.6581154
7.1241364	0.65836674
7.1357517	0.6588009
7.133816	0.6590622
7.1328483	0.6594151
7.1376877	0.65968144
7.150271	0.66010416
7.152207	0.6603796
7.1512394	0.6606509
7.16479	0.66109645
7.1609187	0.6613643
7.16479	0.66173595
7.1705985	0.6620407
7.182214	0.6624722
7.1812453	0.66272473
7.1889896	0.66316503
7.182214	0.66331464
7.1957645	0.6638098
7.197701	0.6640811
7.2025404	0.66446334
7.2044764	0.66468656
7.214156	0.66512066
7.21222	0.6653694
7.2219	0.665717
7.22674	0.6660913
7.2257714	0.66643393
7.22674	0.6667639
7.2248034	0.6670291
7.2373867	0.6674937
7.2402906	0.6677108
7.2383547	0.66805077
7.2441626	0.668264
7.2557783	0.6687779
7.251906	0.6690293
7.2615857	0.6694669
7.2528744	0.66972715
7.2625537	0.67014456
7.2654576	0.6703692
7.273201	0.6707881
7.271265	0.67103803
7.281913	0.6714405
7.277073	0.6716446
7.281913	0.6720799
7.2867527	0.6723161
7.296432	0.6727754
7.2906246	0.67301005
7.296432	0.6733339
7.30224	0.6737349
7.301272	0.6740432
7.305144	0.67432743
7.308048	0.67464334
7.3099837	0.6751015
7.3099837	0.67532736
7.315791	0.67573744
7.314823	0.67600113
7.3206306	0.6764174
7.323535	0.67671955
7.3332143	0.67710406
7.336118	0.67735666
7.3419256	0.6777779
7.3332143	0.6780636
7.342894	0.6784226
7.3467655	0.6787042
7.3506374	0.67910784
7.3593493	0.67939585
7.3670926	0.679698
7.3651567	0.68005586
7.3767724	0.6804023
7.3787084	0.68071055
7.3767724	0.6809517
7.384516	0.6814518
7.383548	0.6816994
7.3883877	0.6820165
7.3932276	0.68234
7.3990355	0.68278676
7.3951635	0.68305075
7.401939	0.6834822
7.401939	0.6837298
7.4096828	0.68410146
7.4106503	0.6844212
7.419362	0.68477523
7.4183946	0.6850128
7.4271054	0.6854467
7.42517	0.6856954
7.428074	0.68602425
7.4319453	0.686373
7.437753	0.6867602
7.440657	0.6871028
7.442593	0.68730843
7.4522724	0.6877907
7.4551764	0.6880608
7.4590483	0.68850756
7.451305	0.68858767
7.46292	0.68916255
7.460984	0.68936026
7.4667916	0.6897082
7.4687276	0.69000006
7.4803433	0.6904327
7.4861507	0.690736
7.4880867	0.6911244
7.4803433	0.69128686
7.4958305	0.69179815
7.4958305	0.69204456
7.5016384	0.69241387
7.5055103	0.69272715
7.509382	0.6930788
7.504542	0.69333637
7.502606	0.69365346
7.506478	0.6939999
7.5161576	0.69437945
7.522933	0.69475377
7.525837	0.69504064
7.5268054	0.69547474
7.525837	0.69569796
7.522933	0.69614357
7.5268054	0.69640225
7.529709	0.6967994
7.531645	0.69708365
7.5384207	0.69739985
7.5413246	0.6976879
7.5432606	0.6980546
7.5481	0.6983667
7.5519714	0.6987322
7.5500355	0.69903815
7.555844	0.6994124
7.5587473	0.6997207
7.562619	0.7000064
7.574235	0.7004608
7.5781064	0.70071185
7.5897217	0.7010976
7.597466	0.70136803
7.6052094	0.7016801
7.6197286	0.7020418
7.6371517	0.7023897
7.6400557	0.70271826
7.657479	0.7031207
7.6661906	0.70334125
7.6855493	0.70374227
7.7000685	0.70405847
7.71846	0.7044568
7.7358828	0.70473486
7.750402	0.70507485
7.7533064	0.7053629
7.773633	0.70575625
7.772665	0.7060317
7.790088	0.7063323
7.8065434	0.70675504
7.8210626	0.70704573
7.8375177	0.7073795
7.8481655	0.7076676
7.8723645	0.7081357
7.882044	0.70836306
7.8975315	0.70870185
7.907211	0.70905066
7.930442	0.7094733
7.944961	0.7097702
7.958512	0.71008873
7.9798074	0.710358
8.002069	0.71077543
8.006909	0.7110559
8.031109	0.7114099
8.030141	0.7116598
8.048532	0.7121016
8.064987	0.7123744
8.078539	0.7127132
8.083378	0.71299887
8.104673	0.7133946
8.11048	0.713712
8.125	0.7140293
8.138552	0.7144136
5.645104	0.71467906
5.6489754	0.7151003
5.64704	0.71522963
5.656719	0.7157829
5.661559	0.7160521
5.6702704	0.71647334
5.668335	0.7167145
5.6722064	0.71701276
5.6760783	0.71740115
5.6905975	0.7177602
5.68479	0.71801394
5.6915655	0.7183706
5.682854	0.71868914
5.6915655	0.71901536
5.696405	0.7193656
5.696405	0.7197258
5.7070527	0.7200458
5.71286	0.720382
5.719636	0.7208123
5.724476	0.7210687
5.7302837	0.7214887
5.7293153	0.721665
5.745771	0.72200114
5.7506104	0.7223655
5.7670655	0.7227691
5.764162	0.7228882
5.784489	0.72344786
5.7932005	0.72375
5.805784	0.7240938
5.8125596	0.7244009
5.8290153	0.7247984
5.8415985	0.72507495
5.842566	0.7253897
5.8570857	0.7257423
5.865797	0.7260849
5.874509	0.72641873
5.8774123	0.7266308
5.8987074	0.72709775
5.9035473	0.727382
5.9045153	0.7276815
5.9200025	0.7280634
5.9403296	0.7284811
5.937426	0.72866505